0
(0, 200), (90, 100), (90, 200), (90, 100), (90, 0)
1
(135, 140), (225, 200)
2
(90, 100), (270, 100), (315, 140), (135, 100), (270, 0)
3
(90, 100), (225, 140), (135, 100), (225, 140), (45, 0)
4
(0, 100), (90, 100), (90, 100), (180, 200)
5 
(90, 100), (180, 100), (90, 100), (90, 100), (270, 100), (270, 100), (90, 0)
6
(315, 140), (45, 100), (90, 100), (90, 100), (90, 100), (90, 0)
7
(90, 100), (225, 140), (45, 100)
8
(0, 200), (90, 100), (90, 200), (90, 100), (90, 100), (90, 100), (90, 100), (90, 100), (90, 0)
9 
(0, 100), (90, 100), (225, 140), (180, 140), (45, 100), (90, 100), (90, 0)
